174533632
[15485441, 12, 2842841126, 35890043, 150388077]
15485441
[2842841126]
12
[15485441, 46518601]
2842841126
[]
35890043
[15485441, 36089053, 356436889]
150388077
[451978028]
46518601
[]
36089053
[150388077, 1242070536, 356436889]
356436889
[324703658, 2842841126, 46547520]
451978028
[2842841126, 150388077]
1242070536
[]
324703658
[46547520, 32645752, 24240564]
46547520
[15485441, 12, 324703658, 2842841126]
32645752
[324703658, 968225030986493952, 27933602, 425545115]
24240564
[15485441, 324703658, 2842841126, 104198572, 51347901]
968225030986493952
[16064682, 32645752]
27933602
[15485441, 324703658, 2444349738, 32645752]
425545115
[15485441, 2842841126, 35890043, 150388077, 1242070536]
104198572
[15485441, 2842841126, 35890043, 36089053, 4904813893]
51347901
[15485441, 36089053, 1076282641874210817, 26297135, 24240564]
16064682
[15485441, 968225030986493952, 1948357740]
2444349738
[]
4904813893
[15485441, 104198572, 1076282641874210817, 935409645258240000, 45206979]
1076282641874210817
[104198572, 51347901, 19459995, 891654042505670660, 33270907]
26297135
[15485441, 104198572, 51347901, 1076282641874210817, 19459995]
1948357740
[16064682]
935409645258240000
[35890043, 858961687, 1076282641874210817, 2746174633, 1199702720]
45206979
[15485441, 324703658, 36089053, 104198572, 1076282641874210817]
19459995
[15485441, 1076282641874210817, 2157741126, 348263418]
891654042505670660
[104198572, 51347901, 1076282641874210817, 166195607, 935409645258240000]
33270907
[1076282641874210817, 137546715, 738869309670203392, 1144146043820486656, 958794158185033729]
858961687
[15485441, 324703658, 283193474, 322113025, 311504519]
2746174633
[15485441, 324703658, 150388077, 3878058453, 935409645258240000]
1199702720
[15485441, 324703658, 102274358, 935409645258240000, 1135141420761620480]
2157741126
[]
348263418
[15485441, 104198572, 1076282641874210817, 19459995, 464277990]
166195607
[15485441, 36089053, 1657981256, 104198572]
137546715
[324703658, 104198572, 716101784406597633, 14530638, 628352054]
738869309670203392
[15485441, 12, 324703658, 2842841126, 150388077]
1144146043820486656
[1076282641874210817, 33270907, 738869309670203392]
958794158185033729
[104198572, 51347901, 1076282641874210817, 33270907]
283193474
[]
322113025
[858961687]
311504519
[35890043, 150388077, 36089053, 1242070536, 858961687]
3878058453
[51347901, 1105115754930847744, 171273611, 1217931248779264005, 4350902057]
102274358
[324703658, 2842841126, 49556816, 817141430200111104, 1199702720]
1135141420761620480
[264986978, 1076282641874210817, 1199702720, 102274358, 26297135]
464277990
[36089053, 16740433, 51347901, 348263418]
1657981256
[1720869229]
716101784406597633
[1657981256, 2710438704, 238839989, 3138306649, 1072528519232741377]
14530638
[15485441, 12, 104198572, 1076282641874210817, 137546715]
628352054
[]
1105115754930847744
[14991432, 264986978, 992609334587744263, 1138669120059301888, 1211403621650186240]
171273611
[324703658, 2842841126, 35890043, 52939443, 51347901]
1217931248779264005
[324703658, 2333960522, 104198572, 51347901, 1076282641874210817]
4350902057
[15485441, 35890043]
49556816
[324703658, 3507577573, 1117200878719471616, 1592654712, 2339359285]
817141430200111104
[36089053, 1164766553511874560, 1138669120059301888, 102274358, 792827472119209984]
264986978
[1151194258394767361, 1105115754930847744, 779120322674950144, 1135141420761620480]
16740433
[17731836, 1207381679867908096]
1720869229
[1657981256, 2806738109]
2710438704
[]
238839989
[1657981256, 716101784406597633, 2413368913, 2181499015, 99855949]
3138306649
[2842841126, 1720869229, 716101784406597633]
1072528519232741377
[716101784406597633, 1230189512799801344, 918194772942221312]
14991432
[15485441, 1138669120059301888, 1105115754930847744, 1140395449800634368]
992609334587744263
[3507577573, 49556816, 1117200878719471616, 2739476529]
1138669120059301888
[15485441, 324703658, 35890043, 14991432, 1103759779745460225]
1211403621650186240
[1008402724399013889, 2238539468, 1151194258394767361, 1162689265395888128, 1138669120059301888]
52939443
[168911975, 725139693407338497]
2333960522
[3387906981, 207261935, 1230689575816900608, 1379520667, 331989580]
3507577573
[281982657, 49556816, 1592654712, 1167882090559541248, 3269446008]
1117200878719471616
[324703658, 49556816, 992609334587744263, 16916344, 40590376]
1592654712
[3507577573, 49556816]
2339359285
[49556816]
1164766553511874560
[2842841126, 1008402724399013889, 817141430200111104, 1138669120059301888, 1132698798977933312]
792827472119209984
[15485441, 12, 35890043, 817141430200111104, 2238539468]
1151194258394767361
[2842841126, 264986978, 1163139516602998784, 1162689265395888128, 1138669120059301888]
779120322674950144
[324703658, 2842841126, 35890043, 36089053, 3507577573]
17731836
[16740433, 19796978, 127268274, 256118459]
1207381679867908096
[16740433]
2806738109
[1720869229, 1195236790392819712]
2413368913
[238839989]
2181499015
[35890043, 238839989]
99855949
[15485441, 716101784406597633, 238839989]
1230189512799801344
[1720869229, 716101784406597633, 4739550510, 1072528519232741377]
918194772942221312
[1072528519232741377]
